t	x	y
0.000000E0	-2.434286E2	6.857143E1
3.332222E-2	-2.334012E2	3.042106E1
6.664444E-2	-2.158935E2	-9.078260E0
9.997778E-2	-1.893818E2	-4.326985E1
1.333000E-1	-1.652074E2	-7.340925E1
1.666222E-1	-1.196286E2	-9.921976E1
1.999444E-1	-7.887119E1	-1.172121E2
2.332667E-1	-2.872587E1	-1.291317E2
2.666000E-1	2.149248E1	-1.351822E2
2.999222E-1	6.761649E1	-1.330489E2
3.332444E-1	1.230581E2	-1.231527E2
3.665667E-1	1.752050E2	-1.071001E2
3.998889E-1	2.185913E2	-8.349113E1
4.332222E-1	2.521144E2	-5.720141E1
4.665444E-1	2.815571E2	-2.562567E1
4.998667E-1	2.972449E2	6.854582E0
5.331889E-1	3.155699E2	4.279779E1
5.665111E-1	3.213177E2	8.229670E1
5.998444E-1	3.183900E2	1.206978E2
6.331667E-1	3.027633E2	1.524378E2
6.664889E-1	2.844548E2	1.865310E2
6.998111E-1	2.561969E2	2.188892E2
7.331444E-1	2.188770E2	2.423856E2
7.664667E-1	1.864397E2	2.685075E2
7.997889E-1	1.401784E2	2.847018E2
8.331111E-1	8.665506E1	2.905193E2
8.664333E-1	3.446401E1	2.926419E2
8.997556E-1	-1.740469E1	2.866418E2
9.330889E-1	-7.944291E1	2.705836E2
9.664111E-1	-1.246561E2	2.517899E2
9.997333E-1	-1.473181E2	2.364922E2
1.033056E0	-1.867909E2	2.047120E2
1.066389E0	-2.297221E2	1.628193E2
1.099711E0	-2.524361E2	1.218501E2
1.133033E0	-2.532460E2	9.044368E1
1.166356E0	-2.563282E2	5.278996E1
1.199678E0	-2.458335E2	1.247910E1
1.233011E0	-2.279286E2	-2.164267E1
1.266333E0	-1.958357E2	-5.345158E1
1.299656E0	-1.608889E2	-8.314505E1
1.332978E0	-1.216958E2	-1.052985E2
1.366300E0	-7.901800E1	-1.231364E2
1.399633E0	-2.307181E1	-1.315194E2
1.432956E0	1.872207E1	-1.350823E2
1.466278E0	7.270211E1	-1.308662E2
1.499600E0	1.217608E2	-1.182727E2
1.532922E0	1.697714E2	-1.012515E2
1.566256E0	2.130136E2	-7.762504E1
1.599578E0	2.539097E2	-4.730204E1
1.632900E0	2.759895E2	-1.750937E1
1.666222E0	3.024877E2	1.869614E1
1.699544E0	3.108391E2	5.655909E1
1.732878E0	3.125498E2	9.040271E1
1.766200E0	3.076724E2	1.248804E2
1.799522E0	2.954039E2	1.626917E2
1.832844E0	2.591576E2	1.866804E2
1.866167E0	2.310632E2	2.174199E2
1.899500E0	2.090144E2	2.485778E2
1.932822E0	1.661745E2	2.667921E2
1.966144E0	1.193710E2	2.789672E2
1.999467E0	6.092034E1	2.848602E2
2.032800E0	1.611681E1	2.848637E2
2.066122E0	-3.437130E1	2.789486E2
2.099444E0	-8.659313E1	2.640714E2
2.132767E0	-1.347663E2	2.423323E2
2.166089E0	-1.774514E2	2.109729E2
2.199422E0	-2.091610E2	1.805229E2
2.232744E0	-2.364793E2	1.426625E2
2.266067E0	-2.532787E2	1.068102E2
2.299389E0	-2.594158E2	6.945931E1
2.332711E0	-2.555248E2	3.359188E1
2.366044E0	-2.423268E2	2.405779E0
2.399367E0	-2.146180E2	-3.153246E1
2.432689E0	-1.867611E2	-6.340260E1
2.466011E0	-1.545384E2	-8.972241E1
2.499333E0	-1.109563E2	-1.113698E2
2.532667E0	-6.708095E1	-1.253400E2
2.565989E0	-1.513265E1	-1.318028E2
2.599311E0	3.569508E1	-1.333294E2
2.632633E0	8.051824E1	-1.273299E2
2.665956E0	1.304062E2	-1.135501E2
2.699289E0	1.673629E2	-9.527300E1
2.732611E0	2.011131E2	-6.971620E1
2.765933E0	2.437759E2	-3.981996E1
2.799256E0	2.621926E2	-9.549510E0
2.832578E0	2.901090E2	2.493540E1
2.865911E0	3.105369E2	6.683637E1
2.899233E0	3.104112E2	1.028543E2
2.932556E0	3.023378E2	1.371815E2
2.965878E0	2.784665E2	1.662733E2
2.999200E0	2.642689E2	2.028320E2
3.032533E0	2.242835E2	2.246981E2
3.065856E0	1.851614E2	2.486831E2
3.099178E0	1.572641E2	2.715923E2
3.132500E0	1.098521E2	2.815567E2
3.165833E0	5.220106E1	2.845160E2
3.199156E0	5.765208E0	2.836966E2
3.232478E0	-4.506015E1	2.747231E2
3.265800E0	-9.674969E1	2.579814E2
3.299122E0	-1.452371E2	2.312977E2
3.332456E0	-1.766355E2	2.027381E2
3.365778E0	-2.087197E2	1.706052E2
3.399100E0	-2.342784E2	1.356548E2
3.432422E0	-2.437459E2	1.028698E2
3.465744E0	-2.535341E2	6.069121E1
3.499078E0	-2.470386E2	2.662123E1
3.532400E0	-2.357492E2	-1.306968E1
3.565722E0	-2.137848E2	-4.520962E1
3.599044E0	-1.890120E2	-7.711380E1
3.632367E0	-1.476194E2	-9.965046E1
3.665700E0	-1.075365E2	-1.175501E2
3.699022E0	-5.459073E1	-1.275508E2
3.732344E0	-4.057502E0	-1.335179E2
3.765667E0	4.131160E1	-1.313609E2
3.798989E0	9.579073E1	-1.213584E2
3.832322E0	1.353831E2	-1.077620E2
3.865644E0	1.881810E2	-8.359192E1
3.898967E0	2.161358E2	-5.999899E1
3.932289E0	2.448398E2	-2.971202E1
3.965611E0	2.706831E2	7.336870E-1
3.998944E0	2.987342E2	4.231492E1
4.032267E0	3.097164E2	8.065076E1
4.065589E0	2.940502E2	1.067081E2
4.098911E0	2.863582E2	1.409747E2
4.132233E0	2.699864E2	1.763787E2
4.165567E0	2.436594E2	2.051147E2
4.198889E0	2.194484E2	2.343891E2
4.232211E0	1.759387E2	2.550877E2
4.265533E0	1.421387E2	2.726398E2
4.298856E0	9.412425E1	2.825214E2
4.332189E0	4.009024E1	2.828664E2
4.365511E0	-1.020160E1	2.786144E2
4.398833E0	-5.627245E1	2.669192E2
4.432156E0	-1.061342E2	2.489494E2
4.465478E0	-1.423814E2	2.265753E2
4.498811E0	-1.789677E2	1.952964E2
4.532133E0	-2.117169E2	1.607734E2
4.565456E0	-2.331971E2	1.251987E2
4.598778E0	-2.496175E2	8.390326E1
4.632111E0	-2.458514E2	5.270267E1
4.665433E0	-2.417917E2	1.262031E1
4.698756E0	-2.295063E2	-2.386094E1
4.732078E0	-2.016152E2	-5.139680E1
4.765400E0	-1.688236E2	-7.970536E1
4.798733E0	-1.324318E2	-1.032290E2
4.832056E0	-9.184749E1	-1.193345E2
4.865378E0	-4.363333E1	-1.293844E2
4.898700E0	4.359307E0	-1.314728E2
4.932022E0	5.140318E1	-1.291507E2
4.965356E0	9.869975E1	-1.175080E2
4.998678E0	1.512796E2	-9.915195E1
5.032000E0	1.858180E2	-7.941381E1
5.065322E0	2.137434E2	-5.115061E1
5.098644E0	2.619199E2	-1.534711E1
5.131978E0	2.837260E2	1.843785E1
5.165300E0	2.997010E2	5.456889E1
5.198622E0	3.064526E2	9.056718E1
5.231944E0	2.901351E2	1.161810E2
5.265267E0	2.787381E2	1.555797E2
5.298600E0	2.636436E2	1.846477E2
5.331922E0	2.330714E2	2.167986E2
5.365244E0	1.999476E2	2.429406E2
5.398567E0	1.783113E2	2.630548E2
5.431889E0	1.333486E2	2.768250E2
5.465222E0	8.847184E1	2.856834E2
5.498544E0	3.295325E1	2.828343E2
5.531867E0	-1.599650E1	2.764541E2
5.565189E0	-7.002166E1	2.622393E2
5.598511E0	-1.139316E2	2.388434E2
5.631844E0	-1.555966E2	2.149609E2
5.665167E0	-1.857771E2	1.826881E2
5.698489E0	-2.129971E2	1.484772E2
5.731811E0	-2.387630E2	1.105764E2
5.765144E0	-2.374396E2	8.086706E1
5.798467E0	-2.421013E2	4.071657E1
5.831789E0	-2.369084E2	4.287011E0
5.865111E0	-2.153541E2	-2.950594E1
5.898433E0	-1.906687E2	-6.138854E1
5.931756E0	-1.600265E2	-8.747351E1
5.965089E0	-1.252448E2	-1.091304E2
5.998411E0	-7.958791E1	-1.232922E2
6.031733E0	-4.013690E1	-1.332880E2
6.065056E0	1.081056E1	-1.332603E2
6.098389E0	5.960541E1	-1.257961E2
6.131711E0	1.035737E2	-1.145720E2
6.165033E0	1.573067E2	-9.242941E1
6.198356E0	2.000369E2	-6.761865E1
6.231678E0	2.340865E2	-3.917016E1
6.265011E0	2.639419E2	-5.668272E0
6.298333E0	2.829720E2	2.850287E1
6.331656E0	2.993320E2	6.633448E1
6.364978E0	3.012566E2	1.029779E2
6.398300E0	2.842840E2	1.276273E2
6.431633E0	2.837801E2	1.673929E2
6.464956E0	2.479656E2	1.964848E2
6.498278E0	2.275294E2	2.234431E2
6.531600E0	1.928672E2	2.458057E2
6.564922E0	1.558810E2	2.665456E2
6.598256E0	1.156037E2	2.783631E2
6.631578E0	7.820815E1	2.845305E2
6.664900E0	3.212530E1	2.846470E2
6.698222E0	-2.835447E1	2.718290E2
6.731544E0	-7.643902E1	2.553440E2
6.764878E0	-1.126303E2	2.365467E2
6.798200E0	-1.516647E2	2.085436E2
6.831522E0	-1.907038E2	1.708632E2
6.864844E0	-2.148483E2	1.388604E2
6.898167E0	-2.260172E2	1.063524E2
6.931500E0	-2.387415E2	6.604926E1
6.964822E0	-2.384159E2	2.771849E1
6.998144E0	-2.321382E2	-9.685122E0
7.031467E0	-2.142485E2	-4.346527E1
7.064800E0	-1.888426E2	-7.316648E1
7.098122E0	-1.569592E2	-9.860739E1
7.131444E0	-1.161189E2	-1.156217E2
7.164767E0	-7.301429E1	-1.273818E2
7.198089E0	-2.574213E1	-1.315138E2
7.231422E0	2.009846E1	-1.314429E2
7.264744E0	7.124934E1	-1.231784E2
7.298067E0	1.132590E2	-1.091160E2
7.331389E0	1.657098E2	-8.521420E1
7.364711E0	2.017694E2	-6.130233E1
7.398044E0	2.384929E2	-2.936637E1
7.431367E0	2.665188E2	4.455422E0
7.464689E0	2.851764E2	4.079751E1
7.498011E0	2.943708E2	7.660994E1
7.531333E0	2.981286E2	1.110528E2
7.564667E0	2.941675E2	1.466657E2
7.597989E0	2.803442E2	1.806915E2
7.631311E0	2.626972E2	2.112992E2
7.664633E0	2.327912E2	2.351297E2
7.697956E0	2.002492E2	2.583591E2
7.731289E0	1.612320E2	2.747720E2
7.764611E0	1.174048E2	2.826644E2
7.797933E0	7.149169E1	2.864288E2
7.831256E0	2.002954E1	2.802260E2
7.864578E0	-3.658431E1	2.668056E2
7.897911E0	-8.244020E1	2.498831E2
7.931233E0	-1.213393E2	2.267316E2
7.964556E0	-1.587192E2	1.966439E2
7.997878E0	-1.955504E2	1.577387E2
8.031200E0	-2.185073E2	1.229027E2
8.064533E0	-2.340206E2	8.861561E1
8.097856E0	-2.342010E2	5.456850E1
8.131178E0	-2.340176E2	1.646249E1
8.164500E0	-2.228448E2	-1.913631E1
8.197833E0	-2.014859E2	-5.150480E1
8.231156E0	-1.782973E2	-7.945342E1
8.264478E0	-1.444669E2	-1.031878E2
8.297800E0	-1.027096E2	-1.190025E2
8.331122E0	-6.253293E1	-1.293022E2
8.364456E0	-1.135045E1	-1.315167E2
8.397778E0	3.483181E1	-1.277509E2
8.431100E0	8.261709E1	-1.175023E2
8.464422E0	1.286376E2	-1.011830E2
8.497744E0	1.714376E2	-7.937539E1
8.531078E0	2.131591E2	-4.932180E1
8.564400E0	2.430627E2	-1.941198E1
8.597722E0	2.644835E2	1.437496E1
8.631044E0	2.850714E2	5.065525E1
8.664367E0	2.939962E2	8.658796E1
8.697700E0	2.965170E2	1.244660E2
8.731022E0	2.766968E2	1.522902E2
8.764344E0	2.752357E2	1.908776E2
8.797667E0	2.388684E2	2.124056E2
8.830989E0	2.262364E2	2.445188E2
8.864322E0	1.906437E2	2.644598E2
8.897644E0	1.514535E2	2.789267E2
8.930967E0	1.070762E2	2.849615E2
8.964289E0	5.160290E1	2.828469E2
8.997611E0	6.631130E0	2.767556E2
9.030944E0	-3.791403E1	2.647037E2
9.064267E0	-8.582476E1	2.444908E2
9.097589E0	-1.253231E2	2.188145E2
9.130911E0	-1.647014E2	1.846750E2
9.164233E0	-1.934767E2	1.526870E2
9.197567E0	-2.158684E2	1.169449E2
9.230889E0	-2.241692E2	8.252269E1
9.264211E0	-2.316296E2	4.450264E1
9.297533E0	-2.296855E2	5.448605E0
9.330856E0	-2.192154E2	-2.975895E1
9.364189E0	-1.995810E2	-6.107781E1
9.397511E0	-1.712022E2	-8.914130E1
9.430833E0	-1.368616E2	-1.092936E2
9.464156E0	-9.691696E1	-1.251295E2
9.497478E0	-5.659051E1	-1.330415E2
9.530811E0	-9.184982E0	-1.334087E2
9.564133E0	4.543848E1	-1.256940E2
9.597456E0	8.060906E1	-1.172325E2
9.630778E0	1.232735E2	-9.819478E1
9.664111E0	1.733067E2	-7.223815E1
9.697433E0	1.959603E2	-4.576390E1
9.730756E0	2.433544E2	-9.346682E0
9.764078E0	2.633021E2	2.286764E1
9.797400E0	2.799538E2	5.845104E1
9.830733E0	2.918027E2	9.840476E1
9.864056E0	2.787759E2	1.254647E2
9.897378E0	2.713346E2	1.599529E2
9.930700E0	2.574524E2	1.933148E2
9.964022E0	2.321964E2	2.195245E2
9.997356E0	2.154982E2	2.523809E2
1.003068E1	1.804972E2	2.685439E2
1.006400E1	1.409803E2	2.801354E2
1.009732E1	9.269168E1	2.844029E2
1.013064E1	4.582527E1	2.823274E2
1.016398E1	-1.969667E0	2.744591E2
1.019730E1	-5.035054E1	2.587433E2
1.023062E1	-9.795362E1	2.365377E2
1.026394E1	-1.383055E2	2.063608E2
1.029727E1	-1.616413E2	1.826151E2
1.033060E1	-1.935386E2	1.458281E2
1.036392E1	-2.218515E2	1.023169E2
1.039724E1	-2.306973E2	6.449465E1
1.043057E1	-2.255706E2	3.436992E1
1.046389E1	-2.211469E2	-3.309551E0
1.049722E1	-2.120668E2	-3.950853E1
1.053054E1	-1.902299E2	-6.963101E1
1.056387E1	-1.659335E2	-9.713937E1
1.059719E1	-1.286995E2	-1.151515E2
1.063051E1	-8.835605E1	-1.271933E2
1.066384E1	-3.841657E1	-1.313480E2
1.069717E1	4.435065E0	-1.312804E2
1.073049E1	5.132675E1	-1.233061E2
1.076381E1	9.073810E1	-1.114511E2
1.079714E1	1.397024E2	-8.966373E1
1.083047E1	1.625173E2	-6.736799E1
1.086379E1	2.102509E2	-3.534375E1
1.089711E1	2.428462E2	-1.376688E0
1.093043E1	2.637565E2	3.240008E1
1.096376E1	2.705647E2	6.246043E1
1.099709E1	2.875676E2	1.095105E2
1.103041E1	2.729530E2	1.335944E2
1.106373E1	2.666195E2	1.665289E2
1.109706E1	2.597701E2	2.065111E2
1.113039E1	2.266456E2	2.283088E2
1.116371E1	1.971899E2	2.510041E2
1.119703E1	1.588455E2	2.684243E2
1.123036E1	1.186704E2	2.778781E2
1.126368E1	8.575436E1	2.846434E2
1.129701E1	3.516102E1	2.800301E2
1.133033E1	-1.637811E1	2.710095E2
1.136366E1	-5.728620E1	2.544928E2
1.139698E1	-9.568615E1	2.327140E2
1.143030E1	-1.371668E2	2.004983E2
1.146363E1	-1.692922E2	1.685041E2
1.149696E1	-1.977803E2	1.319706E2
1.153028E1	-2.202700E2	9.267738E1
1.156360E1	-2.255484E2	5.651611E1
1.159692E1	-2.266554E2	1.830153E1
1.163026E1	-2.181235E2	-1.577502E1
1.166358E1	-2.067544E2	-5.126350E1
1.169690E1	-1.833840E2	-7.917906E1
1.173022E1	-1.527404E2	-1.014010E2
1.176354E1	-1.069894E2	-1.155424E2
1.179688E1	-7.045687E1	-1.271318E2
1.183020E1	-3.215782E1	-1.335062E2
1.186352E1	1.360268E1	-1.296685E2
1.189684E1	5.738116E1	-1.213686E2
1.193017E1	1.064068E2	-1.052461E2
1.196350E1	1.486321E2	-8.315305E1
1.199682E1	1.842172E2	-5.712928E1
1.203014E1	2.196079E2	-2.549155E1
1.206347E1	2.473099E2	8.764363E0
1.209680E1	2.636610E2	4.274205E1
1.213012E1	2.830992E2	8.458300E1
1.216344E1	2.859124E2	1.188428E2
1.219677E1	2.807486E2	1.535773E2
1.223009E1	2.691380E2	1.848602E2
1.226342E1	2.506491E2	2.133504E2
1.229674E1	2.315986E2	2.426152E2
1.233007E1	1.996710E2	2.626942E2
1.236339E1	1.612685E2	2.764153E2
1.239671E1	1.209405E2	2.847625E2
1.243004E1	7.813689E1	2.868673E2
1.246337E1	3.114081E1	2.809418E2
1.249669E1	-1.474202E1	2.688631E2
1.253001E1	-6.088203E1	2.489422E2
1.256333E1	-1.040652E2	2.227007E2
1.259667E1	-1.379663E2	1.942759E2
1.262999E1	-1.726707E2	1.586019E2
1.266331E1	-1.867269E2	1.287751E2
1.269663E1	-2.081317E2	8.862954E1
1.272996E1	-2.178628E2	4.880234E1
1.276329E1	-2.203887E2	9.537125E0
1.279661E1	-2.108927E2	-2.535032E1
1.282993E1	-1.951534E2	-5.763011E1
1.286326E1	-1.727962E2	-8.545390E1
1.289658E1	-1.398262E2	-1.072310E2
1.292991E1	-1.055213E2	-1.214134E2
1.296323E1	-6.674169E1	-1.310946E2
1.299656E1	-1.813825E1	-1.332899E2
1.302988E1	2.441143E1	-1.291903E2
1.306320E1	6.387317E1	-1.196597E2
1.309653E1	1.154166E2	-9.931448E1
1.312986E1	1.587541E2	-7.561530E1
1.316318E1	1.901612E2	-4.942657E1
1.319650E1	2.202264E2	-1.727943E1
1.322983E1	2.532852E2	2.059763E1
1.326316E1	2.664416E2	5.465131E1
1.329648E1	2.776712E2	9.083878E1
1.332980E1	2.825988E2	1.284346E2
1.336312E1	2.633679E2	1.529044E2
1.339646E1	2.664717E2	1.965568E2
1.342978E1	2.476206E2	2.245112E2
1.346310E1	2.214884E2	2.488358E2
1.349642E1	1.912415E2	2.686972E2
1.352974E1	1.532845E2	2.807799E2
1.356308E1	1.135503E2	2.866207E2
1.359640E1	6.949811E1	2.864683E2
1.362972E1	2.311348E1	2.787498E2
1.366304E1	-3.102524E1	2.612439E2
1.369637E1	-7.392857E1	2.421931E2
1.372970E1	-1.187124E2	2.137299E2
1.376302E1	-1.367426E2	1.905850E2
1.379634E1	-1.760752E2	1.470923E2
1.382967E1	-1.922901E2	1.164798E2
1.386299E1	-2.060068E2	7.878106E1
1.389632E1	-2.148942E2	3.888902E1
1.392964E1	-2.110051E2	2.467945E0
1.396297E1	-2.022499E2	-3.351121E1
1.399629E1	-1.817380E2	-6.149777E1
1.402961E1	-1.609237E2	-9.111335E1
1.406294E1	-1.301486E2	-1.112537E2
1.409627E1	-9.450965E1	-1.253189E2
1.412959E1	-5.208845E1	-1.314692E2
1.416291E1	-1.278084E1	-1.332105E2
1.419623E1	3.192527E1	-1.275710E2
1.422957E1	7.970151E1	-1.135072E2
1.426289E1	1.244062E2	-9.334772E1
1.429621E1	1.507149E2	-7.158364E1
1.432953E1	1.812783E2	-4.180853E1
1.436286E1	2.164590E2	-1.123003E1
1.439619E1	2.425645E2	2.449753E1
1.442951E1	2.661717E2	6.460385E1
1.446283E1	2.628600E2	9.407716E1
1.449616E1	2.740229E2	1.364511E2
1.452948E1	2.566510E2	1.642649E2
1.456281E1	2.596524E2	2.043464E2
1.459613E1	2.399248E2	2.323492E2
1.462946E1	2.115067E2	2.545427E2
1.466278E1	1.801230E2	2.726546E2
1.469611E1	1.454671E2	2.845753E2
1.472943E1	8.753373E1	2.824433E2
1.476276E1	5.426078E1	2.824613E2
1.479608E1	2.786512E0	2.722003E2
1.482940E1	-4.031074E1	2.582490E2
1.486273E1	-8.136202E1	2.346094E2
1.489606E1	-1.162946E2	2.084091E2
1.492938E1	-1.527236E2	1.726536E2
1.496270E1	-1.769062E2	1.404329E2
1.499602E1	-1.899312E2	1.084130E2
1.502936E1	-2.056309E2	6.865378E1
1.506268E1	-2.123638E2	2.826104E1
1.509600E1	-2.101541E2	-9.564679E0
1.512932E1	-1.966839E2	-4.058459E1
1.516264E1	-1.767359E2	-7.127106E1
1.519598E1	-1.525513E2	-9.712685E1
1.522930E1	-1.246978E2	-1.170997E2
1.526262E1	-8.009581E1	-1.277009E2
1.529594E1	-4.433702E1	-1.334608E2
1.532927E1	-3.851152E0	-1.332094E2
1.536260E1	3.359833E1	-1.252708E2
1.539592E1	8.706036E1	-1.092512E2
1.542924E1	1.209335E2	-8.943501E1
1.546257E1	1.656069E2	-6.326722E1
1.549589E1	2.012576E2	-3.131676E1
1.552922E1	2.300244E2	2.572733E0
1.556254E1	2.514275E2	3.857847E1
1.559587E1	2.656575E2	7.456508E1
1.562919E1	2.758950E2	1.143106E2
1.566251E1	2.738492E2	1.481242E2
1.569584E1	2.535921E2	1.725748E2
1.572917E1	2.315278E2	2.054464E2
1.576249E1	2.314379E2	2.403970E2
1.579581E1	2.033502E2	2.608124E2
1.582914E1	1.734960E2	2.787736E2
1.586247E1	1.356382E2	2.874762E2
1.589579E1	9.197619E1	2.873736E2
1.592911E1	4.853363E1	2.845607E2
1.596243E1	1.204762E0	2.725542E2
1.599576E1	-4.865951E1	2.526754E2
1.602909E1	-9.241140E1	2.285356E2
1.606241E1	-1.202919E2	2.005678E2
1.609573E1	-1.552801E2	1.647626E2
1.612906E1	-1.814841E2	1.305574E2
1.616239E1	-1.921992E2	9.682163E1
1.619571E1	-2.024318E2	5.872363E1
1.622903E1	-2.085856E2	1.866563E1
1.626236E1	-2.042677E2	-1.659992E1
1.629568E1	-1.852912E2	-4.753171E1
1.632901E1	-1.634588E2	-7.747249E1
1.636233E1	-1.368859E2	-1.003581E2
1.639566E1	-1.047450E2	-1.175003E2
1.642898E1	-6.897314E1	-1.283782E2
1.646230E1	-3.120823E1	-1.330757E2
1.649563E1	1.239277E1	-1.294738E2
1.652896E1	5.498303E1	-1.195113E2
1.656228E1	9.843114E1	-1.032408E2
1.659560E1	1.369738E2	-8.172162E1
1.662892E1	1.762897E2	-5.313785E1
1.666226E1	2.084234E2	-2.128909E1
1.669558E1	2.342477E2	1.252007E1
1.672890E1	2.509408E2	4.675048E1
1.676222E1	2.648079E2	8.616983E1
1.679554E1	2.701741E2	1.227489E2
1.682888E1	2.688030E2	1.563741E2
1.686220E1	2.582888E2	1.898983E2
1.689552E1	2.441635E2	2.206107E2
1.692884E1	2.250635E2	2.465345E2
1.696217E1	1.983118E2	2.683176E2
1.699550E1	1.611882E2	2.807508E2
1.702882E1	1.114889E2	2.832790E2
1.706214E1	8.123726E1	2.876861E2
1.709547E1	3.822164E1	2.815632E2
1.712880E1	-1.604514E1	2.668317E2
1.716212E1	-4.333523E1	2.526847E2
1.719544E1	-9.720012E1	2.204034E2
1.722877E1	-1.256946E2	1.924239E2
1.726209E1	-1.590553E2	1.545061E2
1.729542E1	-1.802590E2	1.205527E2
1.732874E1	-1.956049E2	8.427638E1
1.736207E1	-2.091300E2	4.050106E1
1.739539E1	-2.056393E2	8.513187E0
1.742871E1	-1.960982E2	-2.544699E1
1.746204E1	-1.816448E2	-5.770256E1
1.749537E1	-1.621282E2	-8.474545E1
1.752869E1	-1.331482E2	-1.065689E2
1.756201E1	-9.731824E1	-1.214708E2
1.759533E1	-6.541553E1	-1.315517E2
1.762867E1	-2.613753E1	-1.356014E2
1.766199E1	1.693172E1	-1.295491E2
1.769531E1	5.364138E1	-1.194031E2
1.772863E1	9.368315E1	-1.024901E2
1.776196E1	1.412983E2	-7.532656E1
1.779529E1	1.759652E2	-4.752099E1
1.782861E1	2.070154E2	-1.540889E1
1.786193E1	2.273645E2	1.854461E1
1.789526E1	2.513687E2	5.865655E1
1.792858E1	2.575101E2	9.147008E1
1.796191E1	2.675765E2	1.305237E2
1.799523E1	2.533866E2	1.575547E2
1.802856E1	2.545039E2	1.987728E2
1.806188E1	2.222908E2	2.189282E2
1.809520E1	2.148893E2	2.505774E2
1.812853E1	1.767732E2	2.646581E2
1.816186E1	1.485057E2	2.808018E2
1.819518E1	1.025828E2	2.829221E2
1.822850E1	6.184617E1	2.829334E2
1.826183E1	2.102660E1	2.763201E2
1.829516E1	-2.421553E1	2.629174E2
1.832848E1	-5.732812E1	2.441454E2
1.836180E1	-1.048738E2	2.143232E2
1.839512E1	-1.286297E2	1.857624E2
1.842846E1	-1.589118E2	1.487995E2
1.846178E1	-1.705628E2	1.184264E2
1.849510E1	-1.868654E2	7.894784E1
1.852842E1	-1.966259E2	3.882969E1
1.856174E1	-1.984641E2	8.027211E-1
1.859508E1	-1.910400E2	-3.520243E1
1.862840E1	-1.725985E2	-6.343930E1
1.866172E1	-1.530262E2	-9.145791E1
1.869504E1	-1.216660E2	-1.111855E2
1.872837E1	-9.145400E1	-1.255299E2
1.876170E1	-5.918819E1	-1.335644E2
1.879502E1	-1.354242E1	-1.333270E2
1.882834E1	2.765058E1	-1.273917E2
1.886167E1	6.660442E1	-1.138919E2
1.889499E1	1.098407E2	-9.335392E1
1.892832E1	1.502143E2	-6.909940E1
1.896164E1	1.803804E2	-3.958081E1
1.899497E1	2.111284E2	-5.268871E0
1.902829E1	2.329712E2	2.850257E1
1.906161E1	2.521788E2	6.671291E1
1.909494E1	2.589365E2	1.023196E2
1.912827E1	2.644525E2	1.404407E2
1.916159E1	2.605433E2	1.757023E2
1.919491E1	2.485670E2	2.058916E2
1.922823E1	2.301641E2	2.328329E2
1.926157E1	2.088635E2	2.583543E2
1.929489E1	1.605782E2	2.676127E2
1.932821E1	1.421413E2	2.848209E2
1.936153E1	1.080355E2	2.925361E2
1.939486E1	5.920570E1	2.850555E2
1.942819E1	1.799516E1	2.762374E2
1.946151E1	-2.750094E1	2.601029E2
1.949483E1	-6.350164E1	2.382893E2
1.952816E1	-9.565276E1	2.126478E2
1.956148E1	-1.345779E2	1.744981E2
1.959481E1	-1.612820E2	1.386655E2
1.962813E1	-1.783960E2	1.046733E2
1.966146E1	-1.876533E2	6.856159E1
1.969478E1	-1.951529E2	2.875408E1
1.972811E1	-1.947812E2	-9.262117E0
1.976143E1	-1.897037E2	-4.561162E1
1.979476E1	-1.688274E2	-7.177479E1
1.982808E1	-1.473542E2	-9.935019E1
1.986140E1	-1.165740E2	-1.157533E2
1.989473E1	-8.179986E1	-1.290896E2
1.992806E1	-4.472913E1	-1.349571E2
1.996138E1	-1.121402E1	-1.352566E2
1.999470E1	3.171567E1	-1.252671E2
2.002802E1	7.200923E1	-1.113516E2
2.006136E1	1.080087E2	-9.127514E1
2.009468E1	1.529424E2	-6.363346E1
2.012800E1	1.896197E2	-3.127900E1
2.016132E1	2.134545E2	2.800407E0
2.019464E1	2.352683E2	3.871720E1
2.022798E1	2.513232E2	7.472659E1
2.026130E1	2.433184E2	1.057757E2
2.029462E1	2.454966E2	1.394735E2
2.032794E1	2.346330E2	1.711766E2
2.036127E1	2.263705E2	2.045525E2
2.039460E1	2.003698E2	2.336893E2
2.042792E1	1.841179E2	2.543819E2
2.046124E1	1.537216E2	2.706020E2
2.049457E1	1.202874E2	2.814196E2
2.052789E1	7.963968E1	2.830458E2
2.056122E1	3.989651E1	2.810928E2
2.059454E1	6.053662E0	2.731733E2
2.062787E1	-4.000198E1	2.527753E2
2.066119E1	-7.204485E1	2.308633E2
2.069451E1	-1.104895E2	1.987731E2
2.072784E1	-1.402514E2	1.643925E2
2.076117E1	-1.671719E2	1.250949E2
2.079449E1	-1.848010E2	8.867318E1
2.082781E1	-1.872634E2	5.871896E1
2.086114E1	-1.900338E2	2.027530E1
2.089447E1	-1.880997E2	-1.683693E1
2.092779E1	-1.799642E2	-5.150433E1
2.096111E1	-1.552473E2	-7.772165E1
2.099443E1	-1.341865E2	-1.014601E2
2.102776E1	-1.084204E2	-1.201650E2
2.106109E1	-7.352444E1	-1.300245E2
2.109441E1	-3.359834E1	-1.350347E2
2.112773E1	-1.459821E0	-1.333115E2
2.116106E1	3.690966E1	-1.237786E2
2.119439E1	8.366047E1	-1.053990E2
2.122771E1	1.212996E2	-8.314865E1
2.126103E1	1.592400E2	-5.519148E1
2.129436E1	1.910173E2	-2.378259E1
2.132768E1	2.144267E2	1.059299E1
2.136101E1	2.356439E2	4.729960E1
2.139433E1	2.494739E2	8.581595E1
2.142766E1	2.501806E2	1.179566E2
2.146098E1	2.528328E2	1.563815E2
2.149430E1	2.463246E2	1.888985E2
2.152763E1	2.318925E2	2.187495E2
2.156096E1	2.144583E2	2.465116E2
2.159428E1	1.907971E2	2.664185E2
2.162760E1	1.585939E2	2.808450E2
2.166092E1	1.254905E2	2.904640E2
2.169426E1	9.062865E1	2.926237E2
2.172758E1	3.514579E1	2.787361E2
2.176090E1	3.782821E0	2.708785E2
2.179422E1	-4.701948E1	2.496422E2
2.182754E1	-8.206065E1	2.249310E2
2.186088E1	-1.133500E2	1.909083E2
2.189420E1	-1.403753E2	1.584500E2
2.192752E1	-1.652546E2	1.204009E2
2.196084E1	-1.704179E2	9.039202E1
2.199417E1	-1.761529E2	5.246088E1
2.202750E1	-1.862038E2	1.262280E1
2.206082E1	-1.796199E2	-2.320523E1
2.209414E1	-1.701913E2	-5.710504E1
2.212747E1	-1.510086E2	-8.380911E1
2.216080E1	-1.249118E2	-1.055762E2
2.219412E1	-9.538661E1	-1.233238E2
2.222744E1	-5.898078E1	-1.315969E2
2.226077E1	-2.057512E1	-1.333911E2
2.229409E1	1.750870E1	-1.293478E2
2.232742E1	5.293810E1	-1.191215E2
2.236074E1	9.575351E1	-9.955275E1
2.239407E1	1.311315E2	-7.699793E1
2.242739E1	1.661879E2	-4.768315E1
2.246071E1	1.968048E2	-1.542625E1
2.249404E1	2.185024E2	2.024416E1
2.252737E1	2.365683E2	5.665213E1
2.256069E1	2.490825E2	9.437097E1
2.259401E1	2.531330E2	1.307152E2
2.262733E1	2.501996E2	1.656647E2
2.266067E1	2.430313E2	1.986337E2
2.269399E1	2.311626E2	2.288673E2
2.272731E1	2.077920E2	2.522786E2
2.276063E1	1.825230E2	2.725931E2
2.279396E1	1.504748E2	2.848330E2
2.282729E1	1.198062E2	2.922821E2
2.286061E1	8.192084E1	2.924254E2
2.289393E1	2.881254E1	2.785074E2
2.292726E1	-7.351071E0	2.670400E2
2.296058E1	-4.368609E1	2.468076E2
2.299391E1	-8.936548E1	2.160947E2
2.302723E1	-1.149684E2	1.861688E2
2.306056E1	-1.429404E2	1.501842E2
2.309388E1	-1.574771E2	1.186823E2
2.312720E1	-1.752668E2	7.871685E1
2.316053E1	-1.830956E2	4.039881E1
2.319386E1	-1.813097E2	4.545471E0
2.322718E1	-1.777439E2	-3.310234E1
2.326050E1	-1.622734E2	-6.339978E1
2.329383E1	-1.405952E2	-8.946570E1
2.332716E1	-1.174343E2	-1.114167E2
2.336048E1	-9.033208E1	-1.270899E2
2.339380E1	-5.246190E1	-1.335088E2
2.342712E1	-1.555237E1	-1.335015E2
2.346046E1	2.167488E1	-1.291411E2
2.349378E1	6.157990E1	-1.155078E2
2.352710E1	1.017640E2	-9.504232E1
2.356042E1	1.405338E2	-6.957249E1
2.359374E1	1.696054E2	-4.119949E1
2.362708E1	1.931810E2	-9.341450E0
2.366040E1	2.164163E2	2.674455E1
2.369372E1	2.327038E2	6.259258E1
2.372704E1	2.468931E2	1.026573E2
2.376037E1	2.487905E2	1.385149E2
2.379370E1	2.444271E2	1.726994E2
2.382702E1	2.352506E2	2.048831E2
2.386034E1	2.189085E2	2.314067E2
2.389367E1	1.990438E2	2.563000E2
2.392699E1	1.707101E2	2.735492E2
2.396032E1	1.448659E2	2.885872E2
2.399364E1	9.847687E1	2.868032E2
2.402697E1	6.293726E1	2.862138E2
2.406029E1	2.926465E1	2.788268E2
2.409361E1	-1.113616E1	2.625658E2
2.412694E1	-5.536086E1	2.403868E2
2.416027E1	-8.813312E1	2.122799E2
2.419359E1	-1.161919E2	1.803734E2
2.422691E1	-1.454860E2	1.417989E2
2.426023E1	-1.625814E2	1.067115E2
2.429357E1	-1.794079E2	6.448544E1
2.432689E1	-1.775908E2	3.444688E1
2.436021E1	-1.797500E2	-6.220706E0
2.439353E1	-1.714385E2	-3.982938E1
2.442686E1	-1.562395E2	-6.961942E1
2.446019E1	-1.333636E2	-9.543682E1
2.449351E1	-1.090057E2	-1.154615E2
2.452683E1	-7.970969E1	-1.275870E2
2.456016E1	-4.055714E1	-1.332446E2
2.459348E1	-8.837225E0	-1.333193E2
2.462681E1	2.406101E1	-1.275576E2
2.466013E1	7.253099E1	-1.098049E2
2.469346E1	1.109816E2	-8.935177E1
2.472678E1	1.219765E2	-6.708425E1
2.476011E1	1.463902E2	-3.962250E1
2.479343E1	1.987847E2	7.462949E-1
2.482676E1	2.390641E2	3.828799E1
2.486008E1	2.400692E2	7.474728E1
2.489340E1	2.458635E2	1.123117E2
2.492673E1	2.463207E2	1.487324E2
2.496006E1	2.446800E2	1.828102E2
2.499338E1	2.276169E2	2.108707E2
2.502670E1	2.102384E2	2.379419E2
2.506002E1	1.914892E2	2.624905E2
2.509336E1	1.624056E2	2.765976E2
2.512668E1	1.308707E2	2.881318E2
2.516000E1	9.495246E1	2.923263E2
2.519332E1	5.633386E1	2.868906E2
2.522664E1	2.371445E1	2.784297E2
2.525998E1	-2.533180E1	2.567227E2
2.529330E1	-6.665584E1	2.325143E2
2.532662E1	-9.565226E1	2.045623E2
2.535994E1	-1.189161E2	1.729370E2
2.539327E1	-1.429740E2	1.362481E2
2.542660E1	-1.670292E2	9.217552E1
2.545992E1	-1.799200E2	5.501476E1
2.549324E1	-1.762303E2	2.240524E1
2.552657E1	-1.765496E2	-1.526260E1
2.555989E1	-1.683274E2	-4.648759E1
2.559322E1	-1.456449E2	-7.476376E1
2.562654E1	-1.303896E2	-1.013687E2
2.565987E1	-1.024878E2	-1.190524E2
2.569319E1	-7.267977E1	-1.311508E2
2.572651E1	-3.614479E1	-1.355249E2
2.575984E1	-4.147321E0	-1.334117E2
2.579317E1	3.615143E1	-1.236447E2
2.582649E1	6.806044E1	-1.093953E2
2.585981E1	1.086314E2	-8.630809E1
2.589314E1	1.461144E2	-5.814393E1
2.592647E1	1.748276E2	-2.740727E1
2.595979E1	1.964678E2	6.224230E0
2.599311E1	2.199701E2	4.253692E1
2.602643E1	2.341364E2	8.191952E1
2.605976E1	2.351876E2	1.157235E2
2.609309E1	2.393399E2	1.537481E2
2.612641E1	2.351108E2	1.866608E2
2.615973E1	2.222195E2	2.169988E2
2.619306E1	2.061678E2	2.446301E2
2.622639E1	1.825034E2	2.647060E2
2.625971E1	1.558235E2	2.804753E2
2.629303E1	1.253810E2	2.906917E2
2.632636E1	9.176794E1	2.925325E2
2.635968E1	5.113971E1	2.849248E2
2.639301E1	1.748896E1	2.766873E2
2.642633E1	-2.501076E1	2.544285E2
2.645966E1	-7.126190E1	2.267778E2
2.649298E1	-9.879670E1	1.975897E2
2.652630E1	-1.230097E2	1.645187E2
2.655963E1	-1.421670E2	1.304978E2
2.659296E1	-1.532223E2	9.466073E1
2.662628E1	-1.645746E2	5.472695E1
2.665960E1	-1.735316E2	1.283420E1
2.669292E1	-1.679315E2	-2.134214E1
2.672626E1	-1.588235E2	-5.510642E1
2.675958E1	-1.441786E2	-8.336514E1
2.679290E1	-1.178359E2	-1.052687E2
2.682622E1	-9.038571E1	-1.215198E2
2.685954E1	-6.032967E1	-1.314218E2
2.689288E1	-2.767654E1	-1.352558E2
2.692620E1	1.116911E1	-1.312402E2
2.695952E1	4.873189E1	-1.195955E2
2.699284E1	8.533104E1	-1.030613E2
2.702617E1	1.129488E2	-8.335659E1
2.705950E1	1.512480E2	-5.304288E1
2.709282E1	1.789653E2	-2.129332E1
2.712614E1	1.987834E2	1.270386E1
2.715947E1	2.184244E2	5.071251E1
2.719280E1	2.306505E2	8.863250E1
2.722612E1	2.342979E2	1.240586E2
2.725944E1	2.346150E2	1.584345E2
2.729277E1	2.296085E2	1.946267E2
2.732609E1	2.183537E2	2.245703E2
2.735942E1	1.986026E2	2.484842E2
2.739274E1	1.746629E2	2.684191E2
2.742607E1	1.461919E2	2.825738E2
2.745939E1	1.178596E2	2.921766E2
2.749271E1	8.451555E1	2.934596E2
2.752604E1	4.468884E1	2.847767E2
2.755937E1	5.716858E0	2.707176E2
2.759269E1	-3.146818E1	2.505845E2
2.762601E1	-7.135400E1	2.202389E2
2.765933E1	-8.811497E1	1.985165E2
2.769267E1	-1.118734E2	1.646815E2
2.772599E1	-1.379063E2	1.249521E2
2.775931E1	-1.530781E2	8.636139E1
2.779263E1	-1.657125E2	4.474894E1
2.782596E1	-1.679950E2	6.429696E0
2.785929E1	-1.616771E2	-2.728598E1
2.789261E1	-1.518199E2	-6.113563E1
2.792593E1	-1.341399E2	-8.765517E1
2.795926E1	-1.083752E2	-1.095356E2
2.799258E1	-8.299916E1	-1.250911E2
2.802591E1	-4.818737E1	-1.332056E2
2.805923E1	-1.122974E1	-1.335283E2
2.809256E1	1.442716E1	-1.313430E2
2.812588E1	4.861453E1	-1.192619E2
2.815920E1	9.175348E1	-9.938070E1
2.819253E1	1.283049E2	-7.331210E1
2.822586E1	1.525645E2	-4.735420E1
2.825918E1	1.846523E2	-1.169425E1
2.829250E1	2.039309E2	2.246808E1
2.832583E1	2.184701E2	5.880004E1
2.835916E1	2.328495E2	9.840961E1
2.839248E1	2.347865E2	1.327865E2
2.842580E1	2.321657E2	1.688389E2
2.845912E1	2.230227E2	2.003126E2
2.849246E1	2.093588E2	2.287620E2
2.852578E1	1.904347E2	2.526054E2
2.855910E1	1.648289E2	2.704889E2
2.859242E1	1.271748E2	2.784491E2
2.862574E1	1.091046E2	2.927401E2
2.865908E1	7.512159E1	2.925453E2
2.869240E1	3.423923E1	2.810071E2
2.872572E1	6.191058E-1	2.684083E2
2.875904E1	-3.551082E1	2.466449E2
2.879237E1	-7.319555E1	2.169678E2
2.882570E1	-9.771871E1	1.886944E2
2.885902E1	-1.226091E2	1.525849E2
2.889234E1	-1.390625E2	1.164170E2
2.892567E1	-1.517339E2	7.845362E1
2.895899E1	-1.635312E2	3.671166E1
2.899232E1	-1.631856E2	1.422473E-1
2.902564E1	-1.578874E2	-3.514277E1
2.905897E1	-1.424330E2	-6.526514E1
2.909229E1	-1.176796E2	-9.138303E1
2.912561E1	-9.788332E1	-1.112272E2
2.915894E1	-6.855749E1	-1.254771E2
2.919227E1	-3.792350E1	-1.330591E2
2.922559E1	-3.831248E0	-1.331387E2
2.925891E1	2.481572E1	-1.277851E2
2.929223E1	7.297242E1	-1.115906E2
2.932557E1	1.008819E2	-9.324704E1
2.935889E1	1.360023E2	-6.755385E1
2.939221E1	1.631657E2	-3.753028E1
2.942553E1	1.878412E2	-3.708515E0
2.945886E1	2.055142E2	3.043274E1
2.949219E1	2.234288E2	6.857743E1
2.952551E1	2.284078E2	1.066618E2
2.955883E1	2.326914E2	1.424954E2
2.959216E1	2.304866E2	1.785104E2
2.962548E1	2.181836E2	2.067576E2
2.965881E1	2.056195E2	2.365396E2
2.969213E1	1.890848E2	2.608233E2
2.972546E1	1.647686E2	2.784856E2
2.975878E1	1.342376E2	2.887161E2
2.979211E1	1.031511E2	2.945800E2
2.982543E1	6.726272E1	2.908425E2
2.985876E1	3.397341E1	2.824630E2
2.989208E1	-2.521792E0	2.665433E2
2.992540E1	-3.133626E1	2.467540E2
2.995873E1	-6.341902E1	2.185911E2
2.999206E1	-8.976786E1	1.864096E2
3.002538E1	-1.162547E2	1.484804E2
3.005870E1	-1.386426E2	1.088661E2
3.009202E1	-1.506487E2	6.896080E1
3.012536E1	-1.556577E2	3.051433E1
3.015868E1	-1.572414E2	-9.172862E0
3.019200E1	-1.474349E2	-4.137823E1
3.022532E1	-1.357039E2	-7.336147E1
3.025864E1	-1.195369E2	-9.934594E1
3.029198E1	-8.908611E1	-1.155025E2
3.032530E1	-5.828274E1	-1.276757E2
3.035862E1	-3.108242E1	-1.332529E2
3.039194E1	-1.730800E0	-1.333489E2
3.042527E1	3.105934E1	-1.253503E2
3.045860E1	7.160143E1	-1.093578E2
3.049192E1	9.662876E1	-9.176006E1
3.052524E1	1.357353E2	-6.331067E1
3.055857E1	1.648197E2	-3.128984E1
3.059189E1	1.848355E2	5.451128E-1
3.062522E1	2.071933E2	3.854704E1
3.065854E1	2.190813E2	7.444711E1
3.069187E1	2.270850E2	1.128848E2
3.072519E1	2.305409E2	1.504779E2
3.075851E1	2.242357E2	1.827340E2
3.079184E1	2.142470E2	2.145988E2
3.082517E1	1.986713E2	2.406638E2
3.085849E1	1.778626E2	2.627630E2
3.089181E1	1.508167E2	2.782813E2
3.092514E1	1.227210E2	2.885014E2
3.095847E1	9.221113E1	2.928778E2
3.099179E1	5.652364E1	2.865755E2
3.102511E1	2.216144E1	2.768678E2
3.105843E1	-1.150985E1	2.606536E2
3.109176E1	-4.278414E1	2.386458E2
3.112509E1	-7.745816E1	2.067959E2
3.115841E1	-1.058111E2	1.728385E2
3.119173E1	-1.204119E2	1.405270E2
3.122506E1	-1.376392E2	1.006555E2
3.125839E1	-1.501933E2	6.071315E1
3.129171E1	-1.580202E2	1.861403E1
3.132503E1	-1.563274E2	-1.714498E1
3.135836E1	-1.468377E2	-4.933977E1
3.139168E1	-1.350155E2	-7.955016E1
3.142501E1	-1.109126E2	-1.012142E2
3.145833E1	-8.895871E1	-1.199185E2
3.149166E1	-5.744208E1	-1.295427E2
3.152498E1	-2.366638E1	-1.333988E2
3.155830E1	7.092100E0	-1.314917E2
3.159163E1	4.048571E1	-1.218034E2
3.162496E1	6.731261E1	-1.095702E2
3.165828E1	1.081059E2	-8.510314E1
3.169160E1	1.418504E2	-5.580269E1
3.172492E1	1.674087E2	-2.561439E1
3.175826E1	1.879595E2	8.674292E0
3.179158E1	2.086770E2	4.641802E1
3.182490E1	2.004404E2	7.268172E1
3.185822E1	2.203081E2	1.187889E2
3.189154E1	2.216068E2	1.545938E2
3.192488E1	2.171623E2	1.887394E2
3.195820E1	2.050898E2	2.187112E2
3.199152E1	1.889412E2	2.442800E2
3.202484E1	1.670177E2	2.646193E2
3.205817E1	1.268117E2	2.731109E2
3.209150E1	9.571951E1	2.810537E2
3.212482E1	7.678178E1	2.876819E2
3.215814E1	3.046383E1	2.798439E2
3.219147E1	2.899673E0	2.684003E2
3.222480E1	-3.314950E1	2.503268E2
3.225812E1	-6.439363E1	2.226903E2
3.229144E1	-8.827135E1	1.964977E2
3.232477E1	-1.122503E2	1.624322E2
3.235809E1	-1.353859E2	1.227756E2
3.239142E1	-1.515214E2	8.367910E1
3.242474E1	-1.607483E2	4.163665E1
3.245807E1	-1.555049E2	1.289715E1
3.249139E1	-1.473090E2	-2.007359E1
3.252471E1	-1.386651E2	-5.434444E1
3.255804E1	-1.263537E2	-8.236050E1
3.259137E1	-1.050380E2	-1.052895E2
3.262469E1	-7.762406E1	-1.215107E2
3.265801E1	-5.133766E1	-1.313772E2
3.269133E1	-1.576011E1	-1.334793E2
3.272467E1	1.552426E1	-1.296381E2
3.275799E1	4.654716E1	-1.192485E2
3.279131E1	7.762920E1	-1.032938E2
3.282463E1	1.162067E2	-7.770456E1
3.285796E1	1.388523E2	-5.320086E1
3.289129E1	1.694434E2	-1.835555E1
3.292461E1	1.774159E2	8.920617E0
3.295793E1	2.043632E2	5.258991E1
3.299126E1	1.939818E2	8.361282E1
3.302458E1	2.185133E2	1.261291E2
3.305791E1	2.191297E2	1.626077E2
3.309123E1	2.102269E2	1.948502E2
3.312456E1	1.986004E2	2.237257E2
3.315788E1	1.805918E2	2.484578E2
3.319120E1	1.589210E2	2.685140E2
3.322453E1	1.305457E2	2.807823E2
3.325786E1	1.069462E2	2.902813E2
3.329118E1	7.493156E1	2.902133E2
3.332450E1	2.480817E1	2.751571E2
3.335783E1	-9.309850E0	2.636470E2
3.339116E1	-3.554836E1	2.463074E2
3.342448E1	-7.187979E1	2.189701E2
3.345780E1	-8.936045E1	1.924103E2
3.349112E1	-1.195320E2	1.507444E2
3.352446E1	-1.397849E2	1.146231E2
3.355778E1	-1.509087E2	7.703156E1
3.359110E1	-1.518383E2	4.270742E1
3.362442E1	-1.502722E2	6.561361E0
3.365774E1	-1.439853E2	-2.731354E1
3.369108E1	-1.357769E2	-5.920923E1
3.372440E1	-1.175078E2	-8.697722E1
3.375772E1	-9.647971E1	-1.090183E2
3.379104E1	-7.016487E1	-1.231502E2
3.382437E1	-3.967325E1	-1.314726E2
3.385770E1	-1.294726E1	-1.336862E2
3.389102E1	2.211928E1	-1.273704E2
3.392434E1	5.157753E1	-1.172903E2
3.395767E1	8.041758E1	-9.966117E1
3.399099E1	1.201522E2	-7.328458E1
3.402432E1	1.497130E2	-4.378269E1
3.405764E1	1.720827E2	-1.132993E1
3.409097E1	1.826560E2	2.034786E1
3.412429E1	2.065316E2	6.066045E1
3.415761E1	2.125837E2	9.668569E1
3.419094E1	2.170730E2	1.339550E2
3.422427E1	2.137697E2	1.685835E2
3.425759E1	1.915202E2	1.922167E2
3.429091E1	1.795735E2	2.190663E2
3.432423E1	1.632803E2	2.460614E2
3.435757E1	1.387781E2	2.631591E2
3.439089E1	1.187847E2	2.783968E2
3.442421E1	7.939286E1	2.822867E2
3.445753E1	4.830980E1	2.807489E2
3.449086E1	2.083613E1	2.745036E2
3.452419E1	-1.730281E0	2.665266E2
3.455751E1	-4.838339E1	2.382016E2
3.459083E1	-6.725115E1	2.163546E2
3.462416E1	-9.159964E1	1.866195E2
3.465748E1	-1.187000E2	1.463528E2
3.469081E1	-1.269178E2	1.168113E2
3.472413E1	-1.379975E2	7.651895E1
3.475746E1	-1.442848E2	3.874751E1
3.479078E1	-1.450234E2	2.352574E0
3.482411E1	-1.392149E2	-3.564795E1
3.485743E1	-1.261832E2	-6.369544E1
3.489076E1	-1.093421E2	-9.141777E1
3.492408E1	-8.659773E1	-1.111306E2
3.495740E1	-5.930627E1	-1.248194E2
3.499073E1	-3.499456E1	-1.334847E2
3.502406E1	-3.408835E0	-1.318528E2
3.505738E1	2.344099E1	-1.272910E2
3.509070E1	5.832949E1	-1.132999E2
3.512402E1	9.233372E1	-9.308910E1
3.515736E1	1.190714E2	-6.934826E1
3.519068E1	1.517701E2	-3.719059E1
3.522400E1	1.756837E2	-3.621216E0
3.525732E1	1.916362E2	3.063355E1
3.529064E1	2.064977E2	6.857401E1
3.532398E1	2.117781E2	1.044786E2
3.535730E1	2.108824E2	1.401007E2
3.539062E1	2.093068E2	1.746562E2
3.542394E1	2.011353E2	2.065802E2
3.545727E1	1.884340E2	2.345671E2
3.549060E1	1.680853E2	2.569639E2
3.552392E1	1.424259E2	2.727583E2
3.555724E1	1.114073E2	2.808208E2
3.559057E1	7.192441E1	2.821389E2
3.562389E1	4.938913E1	2.829407E2
3.565722E1	2.220904E1	2.767686E2
3.569054E1	-2.489904E1	2.569765E2
3.572387E1	-5.631993E1	2.347070E2
3.575719E1	-8.464090E1	2.070317E2
3.579051E1	-1.016424E2	1.726755E2
3.582384E1	-1.273086E2	1.329292E2
3.585717E1	-1.284782E2	1.086189E2
3.589049E1	-1.394277E2	6.891919E1
3.592381E1	-1.445003E2	2.868980E1
3.595714E1	-1.436925E2	-7.171017E0
3.599047E1	-1.356311E2	-4.143821E1
3.602379E1	-1.242819E2	-7.145756E1
3.605711E1	-1.050649E2	-9.745195E1
3.609043E1	-8.133721E1	-1.154041E2
3.612376E1	-5.228114E1	-1.270487E2
3.615709E1	-2.855217E1	-1.330359E2
3.619041E1	4.558184E0	-1.314851E2
3.622373E1	3.709178E1	-1.233091E2
3.625706E1	6.252918E1	-1.115975E2
3.629039E1	9.273810E1	-8.976800E1
3.632371E1	1.189631E2	-6.705325E1
3.635703E1	1.552537E2	-3.100424E1
3.639036E1	1.701247E2	-1.371011E0
3.642368E1	1.906964E2	3.649939E1
3.645701E1	2.035402E2	7.476033E1
3.649033E1	2.114297E2	1.127205E2
3.652366E1	2.116382E2	1.486389E2
3.655698E1	2.036910E2	1.806793E2
3.659030E1	1.987500E2	2.128776E2
3.662363E1	1.821653E2	2.387318E2
3.665696E1	1.593627E2	2.589117E2
3.669028E1	1.360604E2	2.744125E2
3.672360E1	1.064236E2	2.828020E2
3.675692E1	7.645296E1	2.847049E2
3.679026E1	4.670301E1	2.825850E2
3.682358E1	9.876307E0	2.686480E2
3.685690E1	-2.379505E1	2.506232E2
3.689022E1	-5.695441E1	2.268452E2
3.692354E1	-7.591013E1	2.030699E2
3.695688E1	-9.810305E1	1.705886E2
3.699020E1	-1.151670E2	1.367277E2
3.702352E1	-1.288158E2	1.007268E2
3.705684E1	-1.382304E2	6.034281E1
3.709017E1	-1.435458E2	1.900083E1
3.712350E1	-1.399460E2	-1.562470E1
3.715682E1	-1.319178E2	-4.897332E1
3.719014E1	-1.197926E2	-7.915285E1
3.722347E1	-9.996610E1	-1.033489E2
3.725680E1	-7.759584E1	-1.193115E2
3.729012E1	-5.271624E1	-1.333708E2
3.732344E1	-2.378050E1	-1.352900E2
3.735677E1	6.975993E0	-1.318229E2
3.739009E1	3.938571E1	-1.216476E2
3.742342E1	5.780288E1	-1.091759E2
3.745674E1	9.665733E1	-8.565421E1
3.749007E1	1.240178E2	-5.775850E1
3.752339E1	1.501742E2	-2.948423E1
3.755671E1	1.708965E2	4.315112E0
3.759004E1	1.890795E2	4.286747E1
3.762337E1	2.035725E2	8.220918E1
3.765669E1	1.942818E2	1.096166E2
3.769001E1	2.043310E2	1.524752E2
3.772333E1	1.994382E2	1.866127E2
3.775667E1	1.883005E2	2.170403E2
3.778999E1	1.741146E2	2.429010E2
3.782331E1	1.522461E2	2.625047E2
3.785663E1	1.106752E2	2.696890E2
3.788996E1	8.636661E1	2.783869E2
3.792329E1	6.282670E1	2.812203E2
3.795661E1	3.469259E1	2.785035E2
3.798993E1	-7.437905E0	2.648633E2
3.802326E1	-3.644208E1	2.468907E2
3.805658E1	-5.058075E1	2.286418E2
3.808991E1	-7.514770E1	2.006252E2
3.812323E1	-9.835486E1	1.666964E2
3.815656E1	-1.143865E2	1.303617E2
3.818988E1	-1.270253E2	9.251713E1
3.822320E1	-1.357940E2	5.272426E1
3.825653E1	-1.355812E2	1.653396E1
3.828986E1	-1.336917E2	-1.946244E1
3.832318E1	-1.259286E2	-5.349737E1
3.835650E1	-1.107126E2	-8.114237E1
3.838983E1	-8.457036E1	-1.016313E2
3.842316E1	-6.611797E1	-1.191229E2
3.845648E1	-3.564808E1	-1.277545E2
3.848980E1	-1.546516E1	-1.332057E2
3.852312E1	1.785234E1	-1.286583E2
3.855646E1	5.151478E1	-1.173065E2
3.858978E1	7.925325E1	-1.014547E2
3.862310E1	1.089077E2	-7.771776E1
3.865642E1	1.353886E2	-5.141295E1
3.868974E1	1.593519E2	-1.910406E1
3.872308E1	1.794459E2	1.639293E1
3.875640E1	1.895834E2	5.057004E1
3.878972E1	2.009457E2	8.843522E1
3.882304E1	2.025145E2	1.228916E2
3.885637E1	2.023086E2	1.587294E2
3.888970E1	1.916791E2	1.904795E2
3.892302E1	1.826995E2	2.205014E2
3.895634E1	1.676402E2	2.464360E2
3.898967E1	1.457730E2	2.655450E2
3.902299E1	1.216036E2	2.795213E2
3.905632E1	9.062804E1	2.830936E2
3.908964E1	6.066445E1	2.834649E2
3.912297E1	3.030250E1	2.768168E2
3.915629E1	6.862696E-1	2.654103E2
3.918961E1	-3.175098E1	2.450056E2
3.922294E1	-6.049886E1	2.194754E2
3.925627E1	-8.918165E1	1.862969E2
3.928959E1	-1.094605E2	1.502631E2
3.932291E1	-1.218634E2	1.187284E2
3.935623E1	-1.296352E2	8.302814E1
3.938957E1	-1.347619E2	4.633700E1
3.942289E1	-1.351008E2	8.127486E0
3.945621E1	-1.334949E2	-3.082940E1
3.948953E1	-1.215112E2	-5.937386E1
3.952286E1	-1.052833E2	-8.642857E1
3.955619E1	-8.654926E1	-1.076318E2
3.958951E1	-6.121173E1	-1.217470E2
3.962283E1	-3.064090E1	-1.277977E2
3.965616E1	-9.595238E0	-1.336741E2
3.968948E1	1.690038E1	-1.285549E2
3.972281E1	4.875842E1	-1.176562E2
3.975613E1	7.139701E1	-9.920764E1
3.978946E1	1.154356E2	-7.223802E1
3.982278E1	1.388440E2	-4.542201E1
3.985611E1	1.620421E2	-1.151075E1
3.988943E1	1.703669E2	1.681134E1
3.992276E1	1.848997E2	5.449897E1
3.995608E1	1.981998E2	9.479573E1
3.998940E1	1.987666E2	1.311101E2
4.002273E1	1.982716E2	1.659771E2
4.005606E1	1.887747E2	1.968815E2
4.008938E1	1.755321E2	2.237449E2
4.012270E1	1.580072E2	2.483295E2
4.015602E1	1.197430E2	2.604072E2
4.018936E1	1.116967E2	2.784564E2
4.022268E1	8.512114E1	2.850319E2
4.025600E1	5.558445E1	2.847495E2
4.028932E1	2.305004E1	2.745630E2
4.032264E1	-1.059064E1	2.602028E2
4.035598E1	-3.308306E1	2.426748E2
4.038930E1	-6.968315E1	2.114478E2
4.042262E1	-8.022674E1	1.886107E2
4.045594E1	-1.003755E2	1.536051E2
4.048927E1	-1.168070E2	1.159919E2
4.052260E1	-1.283629E2	7.533230E1
4.055592E1	-1.326798E2	3.850318E1
4.058924E1	-1.318319E2	9.114959E-1
4.062257E1	-1.258561E2	-3.340033E1
4.065589E1	-1.053571E2	-6.057332E1
4.068922E1	-9.130662E1	-8.616528E1
4.072254E1	-7.508968E1	-1.078249E2
4.075587E1	-3.963330E1	-1.195855E2
4.078919E1	-2.131938E1	-1.281716E2
4.082251E1	7.713705E0	-1.282508E2
4.085584E1	3.591249E1	-1.232222E2
4.088917E1	6.587188E1	-1.094791E2
4.092249E1	9.212884E1	-9.140366E1
4.095581E1	1.239777E2	-6.544792E1
4.098914E1	1.494616E2	-3.538373E1
4.102247E1	1.649451E2	-5.397210E0
4.105579E1	1.801262E2	2.878808E1
4.108911E1	1.950224E2	6.738165E1
4.112243E1	2.023916E2	1.046983E2
4.115576E1	2.004608E2	1.398623E2
4.118909E1	1.926524E2	1.701994E2
4.122241E1	1.859770E2	2.033242E2
4.125573E1	1.722795E2	2.308127E2
4.128906E1	1.527574E2	2.522187E2
4.132239E1	1.302344E2	2.690158E2
4.135571E1	1.020111E2	2.765551E2
4.138903E1	6.357662E1	2.792724E2
4.142236E1	4.467399E1	2.803328E2
4.145568E1	4.883341E0	2.678912E2
4.148901E1	-9.097450E0	2.593988E2
4.152233E1	-4.217515E1	2.363793E2
4.155566E1	-8.012323E1	2.045225E2
4.158898E1	-9.940699E1	1.685396E2
4.162230E1	-1.130289E2	1.383838E2
4.165563E1	-1.277776E2	1.008864E2
4.168896E1	-1.327052E2	6.436862E1
4.172228E1	-1.401678E2	2.441634E1
4.175560E1	-1.310054E2	-7.546825E0
4.178892E1	-1.216610E2	-3.764929E1
4.182226E1	-1.080937E2	-6.737471E1
4.185558E1	-9.351602E1	-9.307236E1
4.188890E1	-6.739153E1	-1.096282E2
4.192222E1	-4.444286E1	-1.237261E2
4.195554E1	-2.371739E1	-1.303127E2
4.198888E1	5.845938E0	-1.297008E2
4.202220E1	2.931889E1	-1.234636E2
4.205552E1	5.375419E1	-1.112305E2
4.208884E1	9.047339E1	-8.930583E1
4.212217E1	1.206620E2	-6.095210E1
4.215550E1	1.332272E2	-3.795257E1
4.218882E1	1.654964E2	5.538325E-1
4.222214E1	1.821747E2	3.686975E1
4.225547E1	1.890407E2	7.219981E1
4.228880E1	1.954274E2	1.089913E2
4.232212E1	1.965141E2	1.443850E2
4.235544E1	1.892972E2	1.766734E2
4.238877E1	1.793817E2	2.073385E2
4.242209E1	1.667851E2	2.342653E2
4.245542E1	1.465267E2	2.543934E2
4.248874E1	1.103722E2	2.638073E2
4.252207E1	9.698260E1	2.808467E2
4.255539E1	6.729314E1	2.816572E2
4.258871E1	4.049420E1	2.793901E2
4.262204E1	-9.797660E-1	2.659026E2
4.265537E1	-2.907810E1	2.487462E2
4.268869E1	-3.884223E1	2.358994E2
4.272201E1	-6.272245E1	2.086473E2
4.275533E1	-9.073160E1	1.725684E2
4.278867E1	-9.965584E1	1.405139E2
4.282199E1	-1.145773E2	1.023065E2
4.285531E1	-1.251358E2	6.247017E1
4.288863E1	-1.270638E2	2.443424E1
4.292196E1	-1.226063E2	-9.343266E0
4.295529E1	-1.145695E2	-4.316522E1
4.298861E1	-9.863678E1	-6.971846E1
4.302193E1	-8.089863E1	-9.338856E1
4.305526E1	-5.826650E1	-1.114183E2
4.308858E1	-2.907073E1	-1.212714E2
4.312191E1	-7.091729E0	-1.274123E2
4.315523E1	2.154467E1	-1.252536E2
4.318856E1	4.724687E1	-1.174790E2
4.322188E1	7.527143E1	-1.013893E2
4.325520E1	1.021757E2	-8.132618E1
4.328853E1	1.259576E2	-5.681787E1
4.332186E1	1.510048E2	-2.521103E1
4.335518E1	1.675989E2	6.752193E0
4.338850E1	1.815211E2	4.256121E1
4.342183E1	1.906169E2	7.858497E1
4.345516E1	1.926780E2	1.146954E2
4.348848E1	1.911367E2	1.489632E2
4.352180E1	1.869618E2	1.824803E2
4.355512E1	1.762939E2	2.134909E2
4.358846E1	1.620856E2	2.385577E2
4.362178E1	1.415568E2	2.588253E2
4.365510E1	1.164212E2	2.707877E2
4.368842E1	9.202225E1	2.805277E2
4.372174E1	6.560975E1	2.832088E2
4.375508E1	3.314875E1	2.769816E2
4.378840E1	2.589034E0	2.648237E2
4.382172E1	-2.487734E1	2.488115E2
4.385504E1	-5.643631E1	2.204099E2
4.388837E1	-7.080979E1	1.988869E2
4.392170E1	-9.057493E1	1.666771E2
4.395502E1	-1.065666E2	1.308702E2
4.398834E1	-1.142732E2	9.638282E1
4.402167E1	-1.232054E2	5.453855E1
4.405499E1	-1.237269E2	1.971614E1
4.408832E1	-1.162676E2	-1.511880E1
4.412164E1	-1.105401E2	-5.127367E1
4.415497E1	-9.387810E1	-7.535667E1
4.418829E1	-7.845020E1	-9.843094E1
4.422161E1	-5.264777E1	-1.153279E2
4.425494E1	-2.865515E1	-1.245105E2
4.428827E1	-2.510661E0	-1.274033E2
4.432159E1	1.881037E1	-1.273943E2
4.435491E1	4.520650E1	-1.182291E2
4.438823E1	6.768193E1	-1.031232E2
4.442157E1	1.106207E2	-7.522947E1
4.445489E1	1.303582E2	-5.114629E1
4.448821E1	1.490680E2	-2.158880E1
4.452153E1	1.668827E2	1.274329E1
4.455486E1	1.818048E2	4.852754E1
4.458819E1	1.896789E2	8.643120E1
4.462151E1	1.848645E2	1.167483E2
4.465483E1	1.892954E2	1.565074E2
4.468816E1	1.798054E2	1.864950E2
4.472148E1	1.675578E2	2.144840E2
4.475481E1	1.537345E2	2.404417E2
4.478813E1	1.335829E2	2.604246E2
4.482146E1	1.109720E2	2.726306E2
4.485478E1	8.610663E1	2.808349E2
4.488811E1	3.830194E1	2.743933E2
4.492143E1	1.103084E1	2.683475E2
4.495476E1	-1.623185E1	2.580310E2
4.498808E1	-2.897354E1	2.443088E2
4.502140E1	-5.751694E1	2.166301E2
4.505473E1	-8.019960E1	1.880848E2
4.508806E1	-9.154728E1	1.607296E2
4.512138E1	-1.071416E2	1.246086E2
4.515470E1	-1.176067E2	8.680713E1
4.518802E1	-1.208372E2	4.869737E1
4.522136E1	-1.217231E2	1.262791E1
4.525468E1	-1.146122E2	-2.142739E1
4.528800E1	-1.060301E2	-5.317017E1
4.532132E1	-8.938170E1	-7.958949E1
4.535464E1	-7.071756E1	-9.944310E1
4.538798E1	-4.823266E1	-1.155554E2
4.542130E1	-1.978789E1	-1.236457E2
4.545462E1	1.906872E0	-1.264599E2
4.548794E1	2.924260E1	-1.235451E2
4.552127E1	5.034785E1	-1.133815E2
4.555460E1	7.804202E1	-9.775767E1
4.558792E1	1.163693E2	-6.951030E1
4.562124E1	1.389579E2	-4.323429E1
4.565457E1	1.556321E2	-1.325928E1
4.568789E1	1.715361E2	2.056862E1
4.572122E1	1.815903E2	5.647747E1
4.575454E1	1.886566E2	9.254700E1
4.578787E1	1.895250E2	1.285842E2
4.582119E1	1.848876E2	1.606826E2
4.585451E1	1.769098E2	1.924223E2
4.588784E1	1.624328E2	2.187220E2
4.592117E1	1.481703E2	2.445391E2
4.595449E1	1.267857E2	2.610873E2
4.598781E1	1.045506E2	2.747428E2
4.602114E1	7.666095E1	2.804166E2
4.605447E1	4.951310E1	2.804649E2
4.608779E1	5.998599E0	2.674039E2
4.612111E1	1.509852E0	2.646730E2
4.615443E1	-3.858396E1	2.365031E2
4.618776E1	-6.679410E1	2.089525E2
4.622109E1	-8.524392E1	1.803163E2
4.625441E1	-9.041828E1	1.566895E2
4.628773E1	-1.061791E2	1.185062E2
4.632106E1	-1.151251E2	8.061124E1
4.635439E1	-1.202820E2	4.260574E1
4.638771E1	-1.165316E2	8.797865E0
4.642103E1	-1.101628E2	-2.541758E1
4.645436E1	-9.653091E1	-5.566885E1
4.648768E1	-8.273965E1	-8.160672E1
4.652101E1	-6.613632E1	-1.033255E2
4.655433E1	-4.247880E1	-1.176394E2
4.658766E1	-1.822269E1	-1.234585E2
4.662098E1	8.917582E0	-1.255579E2
4.665430E1	3.679365E1	-1.195707E2
4.668763E1	6.963038E1	-1.054892E2
4.672096E1	9.554480E1	-8.780921E1
4.675428E1	1.193725E2	-6.519595E1
4.678760E1	1.391091E2	-3.725409E1
4.682092E1	1.553132E2	-7.097495E0
4.685426E1	1.711335E2	2.686235E1
4.688758E1	1.805330E2	6.257563E1
4.692090E1	1.863812E2	9.884538E1
4.695422E1	1.876093E2	1.345245E2
4.698754E1	1.788700E2	1.641810E2
4.702088E1	1.712778E2	1.967105E2
4.705420E1	1.590342E2	2.246015E2
4.708752E1	1.402512E2	2.467312E2
4.712084E1	1.188174E2	2.625569E2
4.715417E1	9.582006E1	2.746012E2
4.718750E1	7.030450E1	2.806932E2
4.722082E1	3.721592E1	2.747077E2
4.725414E1	4.571429E0	2.641405E2
4.728747E1	-1.554690E1	2.525585E2
4.732080E1	-4.016786E1	2.344590E2
4.735412E1	-5.995210E1	2.102676E2
4.738744E1	-9.165999E1	1.704384E2
4.742077E1	-1.040563E2	1.403004E2
4.745409E1	-1.159512E2	1.027137E2
4.748742E1	-1.225930E2	6.657453E1
4.752074E1	-1.188148E2	3.455954E1
4.755407E1	-1.143091E2	2.041969E-1
4.758739E1	-1.050173E2	-3.164636E1
4.762071E1	-9.424609E1	-6.125705E1
4.765404E1	-8.232635E1	-8.907289E1
4.768737E1	-5.843741E1	-1.051036E2
4.772069E1	-3.533953E1	-1.176716E2
4.775401E1	-6.852381E0	-1.232789E2
4.778733E1	1.796984E1	-1.237926E2
4.782067E1	3.713246E1	-1.192637E2
4.785399E1	6.655378E1	-1.056493E2
4.788731E1	9.357978E1	-8.535263E1
4.792063E1	1.186929E2	-6.151233E1
4.795396E1	1.435902E2	-3.142611E1
4.798729E1	1.575254E2	-1.174940E0
4.802061E1	1.683334E2	3.274257E1
4.805393E1	1.789843E2	6.863258E1
4.808726E1	1.833430E2	1.048175E2
4.812058E1	1.682294E2	1.304212E2
4.815391E1	1.750104E2	1.693085E2
4.818723E1	1.639576E2	2.006346E2
4.822056E1	1.508751E2	2.264086E2
4.825388E1	1.334478E2	2.487150E2
4.828720E1	1.119657E2	2.643581E2
4.832053E1	8.649318E1	2.737085E2
4.835386E1	6.259617E1	2.785490E2
4.838718E1	3.532258E1	2.749623E2
4.842050E1	8.918886E0	2.665370E2
4.845383E1	-1.609651E1	2.522524E2
4.848716E1	-4.115726E1	2.304817E2
4.852048E1	-6.272302E1	2.048582E2
4.855380E1	-8.058742E1	1.749370E2
4.858712E1	-9.542123E1	1.408960E2
4.862046E1	-1.078547E2	1.039511E2
4.865378E1	-1.113837E2	6.644174E1
4.868710E1	-1.172918E2	2.532567E1
4.872042E1	-1.114618E2	-5.124343E0
4.875374E1	-9.969355E1	-3.560668E1
4.878708E1	-8.564508E1	-6.349786E1
4.882040E1	-6.774789E1	-8.748339E1
4.885372E1	-4.783815E1	-1.055034E2
4.888704E1	-2.372742E1	-1.174308E2
4.892037E1	1.440994E0	-1.214861E2
4.895370E1	2.331556E1	-1.212417E2
4.898702E1	3.382143E1	-1.190961E2
4.902034E1	7.963203E1	-9.931624E1
4.905367E1	8.473060E1	-8.531397E1
4.908699E1	1.196521E2	-5.746379E1
4.912032E1	1.352244E2	-3.142857E1
4.915364E1	1.570630E2	4.400196E0
4.918697E1	1.702714E2	3.854615E1
4.922029E1	1.779337E2	7.452021E1
4.925361E1	1.816702E2	1.105404E2
4.928694E1	1.802278E2	1.447068E2
4.932027E1	1.729197E2	1.765961E2
4.935359E1	1.589840E2	2.044224E2
4.938691E1	1.460307E2	2.303505E2
4.942023E1	1.269351E2	2.506699E2
4.945357E1	1.091628E2	2.685784E2
4.948689E1	7.900588E1	2.725228E2
4.952021E1	5.725252E1	2.784221E2
4.955353E1	1.991469E1	2.684916E2
4.958686E1	-1.434489E0	2.608352E2
4.962019E1	-2.613941E1	2.444042E2
4.965351E1	-5.201641E1	2.205570E2
4.968683E1	-7.430304E1	1.929077E2
4.972016E1	-7.987979E1	1.708502E2
4.975348E1	-9.229929E1	1.362530E2
4.978681E1	-1.034888E2	9.866544E1
4.982013E1	-1.106790E2	6.084666E1
4.985346E1	-1.133936E2	2.267732E1
4.988678E1	-1.037629E2	-9.052364E0
4.992011E1	-9.340226E1	-3.956499E1
4.995343E1	-8.142141E1	-6.930831E1
4.998676E1	-6.497253E1	-9.144144E1
5.002008E1	-4.349595E1	-1.070390E2
5.005340E1	-1.936700E1	-1.170952E2
5.008673E1	7.834787E0	-1.212561E2
5.012006E1	2.133777E1	-1.231852E2
5.015338E1	5.421516E1	-1.112316E2
5.018670E1	8.858377E1	-9.357349E1
5.022002E1	1.109874E2	-7.352857E1
5.025336E1	1.329557E2	-4.744553E1
5.028668E1	1.442830E2	-2.096817E1
5.032000E1	1.613513E2	1.277906E1
5.035332E1	1.696095E2	4.477668E1
5.038664E1	1.772743E2	8.062722E1
5.041998E1	1.791914E2	1.163071E2
5.045330E1	1.767341E2	1.503261E2
5.048662E1	1.689553E2	1.822288E2
5.051994E1	1.564024E2	2.088274E2
5.055327E1	1.424371E2	2.344412E2
5.058660E1	1.208542E2	2.527525E2
5.061992E1	1.000996E2	2.668754E2
5.065324E1	7.626307E1	2.749718E2
5.068657E1	5.097293E1	2.765013E2
5.071989E1	2.285888E1	2.706186E2
5.075322E1	-1.897179E-1	2.605614E2
5.078654E1	-2.437546E1	2.446485E2
5.081987E1	-4.554472E1	2.227380E2
5.085319E1	-6.188558E1	1.966160E2
5.088651E1	-7.856989E1	1.645987E2
5.091984E1	-9.346180E1	1.288089E2
5.095317E1	-1.021821E2	9.259239E1
5.098649E1	-1.076298E2	5.488957E1
5.101981E1	-1.081508E2	1.668205E1
5.105314E1	-9.972857E1	-1.509366E1
5.108647E1	-8.702549E1	-4.343697E1
5.111979E1	-7.354375E1	-7.155823E1
5.115311E1	-5.830400E1	-9.317839E1
5.118643E1	-3.644649E1	-1.093441E2
5.121976E1	-1.245096E1	-1.177174E2
5.125309E1	1.439286E1	-1.194027E2
5.128641E1	3.662130E1	-1.172595E2
5.131973E1	6.683695E1	-1.056220E2
5.135306E1	9.220058E1	-8.927993E1
5.138639E1	1.114686E2	-6.918924E1
5.141971E1	1.330519E2	-4.327169E1
5.145303E1	1.512116E2	-1.336592E1
5.148636E1	1.645477E2	1.874146E1
5.151968E1	1.722916E2	5.238717E1
5.155301E1	1.768247E2	8.842788E1
5.158633E1	1.770913E2	1.229406E2
5.161966E1	1.751324E2	1.567164E2
5.165298E1	1.636305E2	1.846294E2
5.168630E1	1.517381E2	2.124937E2
5.171963E1	1.350578E2	2.363036E2
5.175296E1	1.144373E2	2.549497E2
5.178628E1	9.507797E1	2.688500E2
5.181960E1	6.990067E1	2.741894E2
5.185292E1	4.354447E1	2.746768E2
5.188626E1	1.668886E0	2.628013E2
5.191958E1	-8.923899E0	2.550237E2
5.195290E1	-4.762276E1	2.318480E2
5.198622E1	-4.999939E1	2.164271E2
5.201954E1	-6.853451E1	1.886293E2
5.205288E1	-9.642135E1	1.465550E2
5.208620E1	-9.753808E1	1.205582E2
5.211952E1	-9.930027E1	8.643742E1
5.215284E1	-1.066173E2	4.877069E1
5.218617E1	-1.036552E2	1.296310E1
5.221950E1	-1.005269E2	-2.335501E1
5.225282E1	-8.645319E1	-4.959242E1
5.228614E1	-7.215450E1	-7.547494E1
5.231947E1	-5.071285E1	-9.528902E1
5.235280E1	-2.706190E1	-1.094681E2
5.238612E1	-3.761905E0	-1.171601E2
5.241944E1	1.819264E1	-1.192667E2
5.245277E1	3.734322E1	-1.171088E2
5.248609E1	7.205785E1	-1.016584E2
5.251942E1	9.592958E1	-8.527380E1
5.255274E1	1.157902E2	-6.356952E1
5.258607E1	1.355863E2	-3.747749E1
5.261939E1	1.509263E2	-7.429892E0
5.265271E1	1.637147E2	2.473911E1
5.268604E1	1.720933E2	5.861590E1
5.271937E1	1.758301E2	9.450806E1
5.275269E1	1.755917E2	1.286958E2
5.278601E1	1.712445E2	1.607923E2
5.281933E1	1.590793E2	1.889994E2
5.285267E1	1.464718E2	2.166124E2
5.288599E1	1.283812E2	2.388297E2
5.291931E1	1.109172E2	2.565420E2
5.295263E1	8.821786E1	2.686752E2
5.298596E1	6.255223E1	2.728795E2
5.301929E1	4.093515E1	2.742156E2
5.305261E1	1.648282E1	2.683906E2
5.308593E1	-9.996056E0	2.545325E2
5.311926E1	-3.122300E1	2.364159E2
5.315258E1	-5.107662E1	2.126118E2
5.318591E1	-7.117120E1	1.823279E2
5.321923E1	-8.612783E1	1.506906E2
5.325256E1	-9.668756E1	1.148752E2
5.328588E1	-9.882971E1	8.075161E1
5.331920E1	-1.030074E2	4.225507E1
5.335253E1	-1.014374E2	6.776881E0
5.338586E1	-9.108568E1	-2.351574E1
5.341918E1	-8.112612E1	-5.375399E1
5.345250E1	-6.182175E1	-7.717957E1
5.348583E1	-4.041202E1	-9.570265E1
5.351916E1	-1.934675E1	-1.093356E2
5.355248E1	5.113508E0	-1.152914E2
5.358580E1	2.451872E1	-1.174472E2
5.361912E1	5.089629E1	-1.114726E2
5.365246E1	8.219898E1	-9.736733E1
5.368578E1	1.007396E2	-8.114675E1
5.371910E1	1.202355E2	-5.910447E1
5.375242E1	1.422880E2	-3.120423E1
5.378574E1	1.530353E2	-1.767364E0
5.381908E1	1.667970E2	3.238110E1
5.385240E1	1.714145E2	6.483012E1
5.388572E1	1.748040E2	1.005002E2
5.391904E1	1.713481E2	1.326004E2
5.395237E1	1.651377E2	1.646776E2
5.398570E1	1.360280E2	1.862588E2
5.401902E1	1.394518E2	2.199910E2
5.405234E1	1.220380E2	2.404915E2
5.408567E1	1.039149E2	2.581260E2
5.411899E1	8.114965E1	2.685813E2
5.415232E1	5.752817E1	2.727288E2
5.418564E1	2.979853E1	2.687364E2
5.421897E1	-1.281882E1	2.563099E2
5.425229E1	-3.600523E1	2.425762E2
5.428561E1	-4.332857E1	2.267814E2
5.431894E1	-5.661258E1	2.065767E2
5.435227E1	-8.067443E1	1.727404E2
5.438559E1	-8.658745E1	1.446102E2
5.441891E1	-1.064035E2	1.012026E2
5.445223E1	-1.104912E2	6.465508E1
5.448557E1	-1.063664E2	3.142645E1
5.451889E1	-9.857594E1	2.663283E0
5.455221E1	-8.864719E1	-2.911189E1
5.458553E1	-7.659682E1	-5.708351E1
5.461886E1	-6.040012E1	-8.161500E1
5.465219E1	-4.075920E1	-9.940676E1
5.468551E1	-2.057964E1	-1.131963E2
5.471883E1	3.091590E0	-1.173516E2
5.475216E1	2.662458E1	-1.171303E2
5.478548E1	4.215513E1	-1.136523E2
5.481881E1	6.332662E1	-1.007633E2
5.485213E1	9.281653E1	-8.190836E1
5.488546E1	1.211526E2	-5.319657E1
5.491878E1	1.374557E2	-2.749478E1
5.495211E1	1.538832E2	4.259473E0
5.498543E1	1.599599E2	3.644234E1
5.501876E1	1.661152E2	6.878252E1
5.505208E1	1.685352E2	1.028806E2
5.508540E1	1.659340E2	1.363712E2
5.511873E1	1.585864E2	1.684029E2
5.515206E1	1.482232E2	1.978510E2
5.518538E1	1.358575E2	2.222378E2
5.521870E1	1.187919E2	2.444945E2
5.525202E1	8.349327E1	2.506450E2
5.528536E1	5.531045E1	2.607654E2
5.531868E1	3.895055E1	2.650306E2
5.535200E1	1.241925E1	2.607507E2
5.538532E1	-1.636435E1	2.529025E2
5.541864E1	-2.708321E1	2.423909E2
5.545198E1	-5.245457E1	2.182294E2
5.548530E1	-6.661372E1	1.966731E2
5.551862E1	-8.314038E1	1.654310E2
5.555194E1	-9.371703E1	1.328082E2
5.558527E1	-1.014901E2	9.885460E1
5.561860E1	-1.043909E2	6.158829E1
5.565192E1	-1.013343E2	2.826070E1
5.568524E1	-9.604133E1	-1.783370E0
5.571857E1	-8.657160E1	-3.509082E1
5.575189E1	-7.056424E1	-6.025991E1
5.578522E1	-5.466484E1	-8.235035E1
5.581854E1	-3.330729E1	-9.940316E1
5.585187E1	-1.254751E1	-1.112440E2
5.588519E1	1.168379E1	-1.154728E2
5.591851E1	3.603339E1	-1.135972E2
5.595184E1	5.689865E1	-1.056851E2
5.598517E1	7.480936E1	-9.508665E1
5.601849E1	1.026358E2	-7.348219E1
5.605181E1	1.234967E2	-4.917356E1
5.608514E1	1.402095E2	-2.129530E1
5.611847E1	1.426306E2	4.291901E0
5.615179E1	1.589874E2	4.052383E1
5.618511E1	1.675448E2	7.654429E1
5.621843E1	1.674950E2	1.108830E2
5.625176E1	1.637917E2	1.428198E2
5.628509E1	1.567824E2	1.742495E2
5.631841E1	1.444099E2	2.019066E2
5.635173E1	1.286472E2	2.247034E2
5.638506E1	1.117653E2	2.452497E2
5.641839E1	9.075178E1	2.585841E2
5.645171E1	6.722208E1	2.667162E2
5.648503E1	4.163385E1	2.685283E2
5.651836E1	1.940370E1	2.655785E2
5.655168E1	-4.527720E0	2.558543E2
5.658501E1	-3.141667E1	2.365263E2
5.661833E1	-4.672150E1	2.187720E2
5.665166E1	-6.667143E1	1.925911E2
5.668498E1	-7.999621E1	1.622449E2
5.671830E1	-9.186636E1	1.288756E2
5.675163E1	-9.603998E1	9.613866E1
5.678496E1	-9.811878E1	6.032065E1
5.681828E1	-9.651796E1	2.507374E1
5.685160E1	-9.609431E1	-1.251667E1
5.688492E1	-8.396561E1	-3.950661E1
5.691826E1	-6.782229E1	-6.533010E1
5.695158E1	-4.868503E1	-8.562566E1
5.698490E1	-2.508647E1	-9.912518E1
5.701822E1	-5.159032E0	-1.111360E2
5.705154E1	1.580371E1	-1.153612E2
5.708488E1	4.437114E1	-1.101987E2
5.711820E1	6.754704E1	-1.014065E2
5.715152E1	9.276082E1	-8.561532E1
5.718484E1	1.114848E2	-6.547740E1
5.721817E1	1.280075E2	-4.356138E1
5.725150E1	1.423529E2	-1.535734E1
5.728482E1	1.564403E2	1.652790E1
5.731814E1	1.639748E2	4.861733E1
5.735147E1	1.680935E2	8.277350E1
5.738480E1	1.675324E2	1.164008E2
5.741812E1	1.621697E2	1.496047E2
5.745144E1	1.547167E2	1.782939E2
5.748477E1	1.422489E2	2.064633E2
5.751809E1	1.249137E2	2.286352E2
5.755142E1	1.060690E2	2.464757E2
5.758474E1	8.639089E1	2.604002E2
5.761807E1	6.123841E1	2.667995E2
5.765139E1	3.635828E1	2.667085E2
5.768471E1	1.399963E1	2.625229E2
5.771804E1	-8.919501E0	2.526927E2
5.775137E1	-2.848430E1	2.364410E2
5.778469E1	-4.557166E1	2.166171E2
5.781801E1	-6.265725E1	1.904719E2
5.785133E1	-7.669968E1	1.604993E2
5.788467E1	-8.870196E1	1.248682E2
5.791799E1	-9.522877E1	8.887241E1
5.795131E1	-9.558187E1	5.433457E1
5.798463E1	-9.160092E1	2.057693E1
5.801796E1	-8.531930E1	-1.138715E1
5.805129E1	-7.423883E1	-4.122474E1
5.808461E1	-5.903020E1	-6.725896E1
5.811793E1	-3.881346E1	-8.530397E1
5.815126E1	-2.088661E1	-1.010420E2
5.818458E1	1.535620E0	-1.093520E2
5.821791E1	2.403484E1	-1.135684E2
5.825123E1	4.965772E1	-1.074397E2
5.828456E1	7.351143E1	-9.731942E1
5.831788E1	9.365714E1	-8.336326E1
5.835120E1	1.178484E2	-6.147393E1
5.838453E1	1.320791E2	-3.728723E1
5.841786E1	1.467003E2	-9.375745E0
5.845118E1	1.586276E2	2.248124E1
5.848450E1	1.637417E2	5.482937E1
5.851783E1	1.663519E2	8.868036E1
5.855116E1	1.663368E2	1.225758E2
5.858448E1	1.607376E2	1.544045E2
5.861780E1	1.503459E2	1.830136E2
5.865112E1	1.354785E2	2.083479E2
5.868446E1	1.195435E2	2.306964E2
5.871778E1	1.010836E2	2.467704E2
5.875110E1	7.994222E1	2.603498E2
5.878442E1	5.721127E1	2.669141E2
5.881774E1	3.412395E1	2.667539E2
5.885108E1	1.263549E1	2.623733E2
5.888440E1	-9.621524E0	2.507236E2
5.891772E1	-3.120310E1	2.326593E2
5.895104E1	-4.660493E1	2.124344E2
5.898437E1	-6.282674E1	1.846935E2
5.901770E1	-7.659572E1	1.525842E2
5.905102E1	-8.631479E1	1.186907E2
5.908434E1	-9.329082E1	8.444281E1
5.911767E1	-9.086607E1	5.058190E1
5.915099E1	-9.177679E1	1.281353E1
5.918432E1	-7.851617E1	-1.543812E1
5.921764E1	-6.532313E1	-4.297804E1
5.925097E1	-4.880598E1	-6.735336E1
5.928429E1	-3.281898E1	-8.731461E1
5.931761E1	-1.234089E1	-1.012200E2
5.935094E1	6.908433E0	-1.094031E2
5.938427E1	3.227143E1	-1.095439E2
5.941759E1	5.506320E1	-1.054246E2
5.945091E1	7.837578E1	-9.338318E1
5.948423E1	9.924350E1	-7.736764E1
5.951757E1	1.215999E2	-5.566478E1
5.955089E1	1.351825E2	-3.115804E1
5.958421E1	1.472492E2	-2.981712E0
5.961753E1	1.594440E2	2.874530E1
5.965086E1	1.645935E2	6.267298E1
5.968419E1	1.658312E2	9.428267E1
5.971751E1	1.632932E2	1.267426E2
5.975083E1	1.561429E2	1.585791E2
5.978416E1	1.446165E2	1.868640E2
5.981748E1	1.309863E2	2.122826E2
5.985081E1	1.166896E2	2.343440E2
5.988413E1	9.659299E1	2.505428E2
5.991746E1	7.433899E1	2.605992E2
5.995078E1	5.279030E1	2.665819E2
5.998411E1	2.477516E1	2.624464E2
6.001743E1	8.410887E0	2.606316E2
6.005076E1	-1.163949E1	2.487762E2
6.008408E1	-3.121761E1	2.304836E2
6.011740E1	-4.946145E1	2.065708E2
6.015073E1	-6.563906E1	1.786569E2
